strategic_region={
	id=15
	name="STRATEGICREGION_WT_15"
	provinces={
3 4 6 11 12 13 17 19 21 26 30 40 47 54 55 59 65 72 74 80 83 85 97 100 103 110 122 126 137 138 145 150 154 158 168 172 177 179 190 206 208 209 211 217 221 225 242 251 259 260 261 265 268 270 278 287 304 313 323 324 335 336 337 354 356 358 364 370 373 378 387 399 403 408 409 418 429 436 445 448 454 456 459 466 471 479 484 502 504 515 518 523 528 546 551 553 555 556 558 586 588 590 591 626 627 631 646 647 650 651 652 653 656 657 662 674 677 678 682 693 697 703 705 717 719 720 725 731 737 746 752 754 755 762 778 779 782 783 792 798 803 807 811 813 817 828 833 834 836 839 846 851 853 862 864 881 892 908 912 915 919 930 931 938 941 957 958 962 975 983 999 1008 1010 1021 1031 1053 1060 1067 1069 1074 1087 1089 1095 1099 1111 1112 1113 1117 1123 1136 1138 1144 1157 1168 1186 1190 1205 1209 1213 1214 1236 1240 1248 1253 1261 1264 1273 1278 1279 1282 1288 1295 1304 1305 1309 1314 1322 1323 1336 1338 1339 1343 1351 1355 1360 1365 1374 1379 1385 1386 1387 1393 1413 1420 1427 1439 1440 1444 1446 1448 1453 1455 1456 1462 1467 1470 1480 1495 1500 1514 1521 1531 1535 1546 1547 1553 1555 1568 1573 1580 1581 1585 1587 1588 1589 1591 1592 1612 1613 1624 1633 1634 1644 1658 1663 1679 1701 1702 1711 1729 1736 1741 1769 1772 1773 1778 1785 1786 1787 1789 1791 1794 1816 1820 1835 1842 1870 1874 1889 1895 1898 1902 1905 1906 1907 1910 1912 1913 1931 1938 1947 1953 1956 1967 1970 1971 1983 1984 1986 1994 1996 2000 2004 2008 2011 2016 2022 2028 2037 2042 2047 2051 2052 2054 2055 2060 2062 2086 2092 2093 2095 2113 2122 2135 2151 2163 2164 2168 2173 2181 2184 2190 2197 2209 2216 2220 2222 2225 2227 2246 2257 2259 2268 2272 2275 2283 2287 2293 2295 2311 2316 2320 2329 2330 2334 2339 2345 2349 2352 2357 2375 2377 2384 2385 2393 2407 2409 2411 2414 2416 2450 2457 2462 2497 2498 2503 2506 2507 2510 2511 2521 2523 2525 2526 2529 2531 2533 2536 2540 2543 2546 2547 2548 2560 2567 2571 2578 2580 2586 2599 2601 2606 2614 2630 2641 2646 2647 2653 2655 2658 2660 2664 2678 2680 2702 2705 2709 2711 2727 2733 2735 2742 2755 2758 2762 2766 2768 2771 2772 2773 2774 2782 2791 2796 2799 2809 2810 2813 2818 2831 2840 2859 2861 2866 2875 2893 2944 2951 2952 2953 2955 2968 2969 2981 2986 2987 2988 3002 3005 3014 3019 3021 3026 3028 3032 3034 3045 3050 3052 3054 3056 3065 3069 3079 3080 3082 3089 3091 3094 3101 3124 3130 3132 3140 3142 3155 3160 3164 3168 3171 3184 3190 3192 3194 3196 3205 3209 3216 3238 3248 3253 3260 3264 3267 3270 3286 3292 3298 3314 3323 3328 3340 3353 3359 3362 3382 3383 3403 3407 3420 3421 3476 3482 3485 3489 3493 3504 3511 3513 3522 3526 3534 3542 3551 3560 3562 3573 3575 3582 3584 3588 3590 3591 3598 3605 3609 3610 3619 3621 3627 3630 3636 3642 3643 3644 3649 3656 3657 3661 3667 3672 3683 3686 3694 3697 3702 3709 3724 3727 3731 3734 3736 3737 3739 3741 3743 3748 3752 3758 3768 3777 3780 3784 3789 3794 3802 3805 3812 3813 3816 3820 3831 3832 3848 3853 3857 3865 3877 3890 3896 3902 3903 3905 3914 3921 3924 3929 3931 3940 3948 3952 3959 3975 3989 3999 4011 4015 4019 4024 4030 4035 4036 4040 4072 4078 4082 4087 4088 4093 4100 4101 4103 4110 4111 4114 4115 4116 4119 4122 4128 4142 4146 4160 4169 4187 4193 4228 4229 4231 4247 4255 4260 4263 4271 4276 4277 4282 4292 4293 4295 4298 4310 4321 4331 4332 4346 4349 4353 4357 4361 4362 4365 4368 4378 4380 4384 4385 4389 4392 4394 4398 4401 4402 4404 4408 4417 4421 4424 4425 4429 4435 4438 4439 4440 4445 4452 4468 4469 4476 4481 4492 4495 4496 4501 4517 4521 4549 4550 4554 4555 4559 4565 4570 4572 4574 4577 4580 4582 4583 4592 4604 4605 4606 4619 4623 4625 4628 4629 4631 4632 4637 4652 4665 4672 4684 4685 4704 4708 4712 4713 4722 4723 4725 4727 4728 4730 4731 4733 4744 4748 4765 4770 4794 4805 4813 4831 4836 4854 4856 4860 4867 4868 4871 4882 4884 4888 4896 4912 4914 4916 4917 4922 4924 4928 4929 4940 4949 4953 4955 4958 4963 4973 4976 4978 4980 4983 4987 4994 4998 5001 5010 5016 5018 5023 5031
	}
	weather={
		period={
			between={ 0.0 30.0 }
			temperature={ -15.0 0.0 }
			no_phenomenon=0.300
			rain_light=0.100
			rain_heavy=0.050
			snow=0.300
			blizzard=0.150
			mud=0.050
			sandstorm=0.000
			min_snow_level=0.20
		}
		period={
			between={ 0.1 27.1 }
			temperature={ -15.0 0.0 }
			no_phenomenon=0.300
			rain_light=0.100
			rain_heavy=0.050
			snow=0.300
			blizzard=0.150
			mud=0.050
			sandstorm=0.000
			min_snow_level=0.20
		}
		period={
			between={ 0.2 30.2 }
			temperature={ 0.0 15.0 }
			no_phenomenon=0.400
			rain_light=0.200
			rain_heavy=0.100
			snow=0.100
			blizzard=0.000
			mud=0.150
			sandstorm=0.000
		}
		period={
			between={ 0.3 29.3 }
			temperature={ 0.0 15.0 }
			no_phenomenon=0.400
			rain_light=0.200
			rain_heavy=0.100
			snow=0.100
			blizzard=0.000
			mud=0.150
			sandstorm=0.000
		}
		period={
			between={ 0.4 30.4 }
			temperature={ 0.0 15.0 }
			no_phenomenon=0.400
			rain_light=0.200
			rain_heavy=0.100
			snow=0.100
			blizzard=0.000
			mud=0.150
			sandstorm=0.000
		}
		period={
			between={ 0.5 29.5 }
			temperature={ 10.0 25.0 }
			no_phenomenon=0.500
			rain_light=0.200
			rain_heavy=0.100
			snow=0.000
			blizzard=0.000
			mud=0.100
			sandstorm=0.000
		}
		period={
			between={ 0.6 30.6 }
			temperature={ 10.0 25.0 }
			no_phenomenon=0.500
			rain_light=0.200
			rain_heavy=0.100
			snow=0.000
			blizzard=0.000
			mud=0.100
			sandstorm=0.000
		}
		period={
			between={ 0.7 30.7 }
			temperature={ 10.0 25.0 }
			no_phenomenon=0.500
			rain_light=0.200
			rain_heavy=0.100
			snow=0.000
			blizzard=0.000
			mud=0.100
			sandstorm=0.000
		}
		period={
			between={ 0.8 29.8 }
			temperature={ -5.0 10.0 }
			no_phenomenon=0.350
			rain_light=0.200
			rain_heavy=0.100
			snow=0.200
			blizzard=0.050
			mud=0.100
			sandstorm=0.000
			min_snow_level=0.10
		}
		period={
			between={ 0.9 30.9 }
			temperature={ -5.0 10.0 }
			no_phenomenon=0.350
			rain_light=0.200
			rain_heavy=0.100
			snow=0.200
			blizzard=0.050
			mud=0.100
			sandstorm=0.000
			min_snow_level=0.10
		}
		period={
			between={ 0.10 29.10 }
			temperature={ -5.0 10.0 }
			no_phenomenon=0.350
			rain_light=0.200
			rain_heavy=0.100
			snow=0.200
			blizzard=0.050
			mud=0.100
			sandstorm=0.000
			min_snow_level=0.10
		}
		period={
			between={ 0.11 30.11 }
			temperature={ -15.0 0.0 }
			no_phenomenon=0.300
			rain_light=0.100
			rain_heavy=0.050
			snow=0.300
			blizzard=0.150
			mud=0.050
			sandstorm=0.000
			min_snow_level=0.20
		}
	}
}
