strategic_region={
	id=4
	name="STRATEGICREGION_WT_4"
	provinces={
1 43 51 60 61 62 64 68 70 77 82 90 91 96 105 107 113 114 115 118 120 127 130 133 134 139 140 152 155 161 166 170 175 180 189 191 200 202 210 213 214 220 222 223 231 238 240 246 248 252 255 257 258 273 281 285 288 308 311 317 318 321 328 329 331 350 351 352 353 361 365 376 400 401 405 407 416 426 428 431 433 439 442 470 472 475 481 486 487 490 492 494 506 533 534 536 540 543 567 571 581 589 592 594 597 600 604 611 615 619 632 636 648 649 663 675 696 702 707 709 711 714 718 732 733 739 740 741 743 744 760 763 766 768 785 788 795 796 801 802 808 822 824 826 831 832 842 843 845 847 860 866 869 871 876 877 885 890 893 896 900 905 917 924 925 929 933 934 937 950 953 968 970 972 977 980 987 988 994 996 1003 1004 1013 1014 1015 1016 1037 1038 1044 1048 1049 1050 1058 1073 1075 1082 1083 1084 1088 1101 1119 1125 1140 1145 1170 1172 1184 1191 1196 1198 1203 1210 1211 1215 1219 1220 1234 1237 1241 1245 1250 1251 1254 1255 1257 1262 1267 1277 1280 1289 1291 1300 1301 1302 1303 1313 1315 1319 1326 1330 1332 1334 1341 1345 1354 1357 1361 1364 1370 1373 1380 1382 1384 1391 1394 1399 1402 1403 1408 1411 1414 1415 1416 1418 1425 1430 1432 1433 1443 1447 1463 1468 1469 1473 1474 1479 1481 1482 1491 1496 1498 1499 1503 1505 1509 1513 1518 1522 1525 1536 1539 1541 1542 1549 1551 1554 1567 1570 1571 1579 1583 1601 1611 1616 1618 1620 1626 1632 1636 1649 1650 1652 1657 1665 1670 1673 1675 1678 1684 1695 1708 1710 1715 1720 1722 1734 1738 1747 1755 1760 1761 1771 1774 1776 1790 1793 1800 1801 1808 1809 1813 1845 1847 1852 1853 1855 1862 1875 1885 1890 1893 1896 1899 1900 1904 1909 1911 1914 1916 1921 1925 1927 1929 1940 1954 1955 1960 1968 1972 1976 1977 1982 1985 1992 1999 2001 2003 2027 2029 2049 2069 2071 2076 2077 2078 2081 2084 2087 2089 2091 2097 2102 2103 2104 2106 2119 2123 2124 2138 2139 2140 2141 2154 2157 2158 2162 2169 2170 2179 2192 2195 2196 2204 2206 2212 2214 2239 2251 2252 2264 2270 2274 2276 2277 2282 2297 2299 2306 2315 2317 2323 2338 2351 2359 2376 2378 2379 2386 2388 2398 2402 2406 2415 2420 2421 2423 2427 2433 2438 2439 2451 2452 2463 2469 2471 2475 2478 2479 2487 2493 2495 2500 2501 2504 2505 2508 2516 2527 2528 2530 2534 2558 2559 2561 2566 2569 2570 2585 2587 2591 2594 2596 2600 2602 2607 2609 2618 2639 2642 2651 2652 2656 2661 2663 2666 2675 2677 2692 2696 2697 2700 2715 2717 2725 2726 2728 2732 2737 2738 2739 2740 2743 2744 2749 2759 2760 2770 2778 2779 2786 2803 2821 2826 2834 2836 2841 2842 2852 2853 2854 2855 2856 2860 2864 2865 2873 2879 2880 2881 2882 2896 2897 2899 2902 2903 2906 2909 2911 2912 2918 2920 2921 2924 2928 2931 2933 2935 2938 2940 2942 2945 2956 2965 2982 2983 2985 2995 2996 2999 3007 3008 3025 3030 3031 3037 3047 3051 3058 3062 3063 3066 3083 3086 3087 3090 3107 3108 3113 3117 3119 3121 3127 3131 3133 3135 3137 3143 3153 3170 3172 3182 3185 3207 3224 3230 3231 3240 3251 3265 3272 3278 3283 3285 3288 3296 3297 3300 3302 3303 3310 3317 3321 3337 3352 3355 3357 3358 3365 3366 3367 3368 3369 3374 3375 3386 3391 3393 3402 3406 3409 3413 3414 3415 3428 3429 3435 3438 3442 3447 3459 3461 3463 3469 3470 3471 3472 3478 3479 3483 3484 3488 3516 3527 3529 3533 3543 3546 3547 3550 3557 3563 3579 3583 3589 3592 3596 3597 3601 3607 3612 3632 3635 3646 3650 3658 3660 3662 3668 3674 3682 3687 3690 3699 3705 3706 3712 3714 3725 3726 3728 3735 3740 3767 3773 3787 3788 3790 3791 3793 3797 3801 3804 3817 3829 3833 3836 3838 3840 3845 3849 3851 3858 3864 3871 3875 3883 3885 3897 3898 3904 3913 3922 3927 3933 3935 3936 3938 3947 3951 3953 3960 3962 3963 3964 3973 3980 3981 3985 3987 3994 3996 3998 4006 4012 4013 4016 4018 4026 4027 4037 4042 4043 4053 4058 4066 4083 4086 4094 4105 4108 4113 4133 4135 4136 4139 4140 4141 4143 4145 4149 4153 4170 4174 4177 4179 4181 4184 4191 4204 4207 4208 4210 4222 4227 4235 4246 4252 4253 4259 4266 4280 4281 4283 4284 4291 4299 4301 4302 4304 4306 4317 4322 4323 4324 4327 4330 4335 4342 4351 4359 4360 4366 4369 4377 4387 4407 4410 4416 4426 4433 4436 4446 4449 4453 4460 4462 4466 4470 4471 4472 4473 4474 4478 4485 4486 4489 4498 4499 4504 4505 4507 4512 4516 4532 4534 4537 4544 4545 4552 4563 4567 4576 4581 4591 4595 4596 4603 4608 4616 4638 4645 4653 4655 4656 4658 4660 4661 4664 4679 4686 4689 4692 4693 4694 4705 4710 4714 4718 4729 4732 4734 4738 4739 4743 4758 4764 4780 4781 4782 4785 4787 4790 4793 4797 4798 4799 4811 4816 4819 4823 4825 4832 4834 4835 4837 4843 4859 4869 4874 4879 4881 4893 4898 4903 4906 4907 4909 4911 4913 4918 4925 4930 4934 4938 4943 4945 4950 4952 4954 4962 4965 4969 4970 4975 4982 4990 4992 4995 5012 5022
	}
	weather={
		period={
			between={ 0.0 30.0 }
			temperature={ 18.0 30.0 }
			no_phenomenon=0.350
			rain_light=0.250
			rain_heavy=0.250
			snow=0.000
			blizzard=0.000
			mud=0.150
			sandstorm=0.000
		}
		period={
			between={ 0.1 27.1 }
			temperature={ 18.0 30.0 }
			no_phenomenon=0.350
			rain_light=0.250
			rain_heavy=0.250
			snow=0.000
			blizzard=0.000
			mud=0.150
			sandstorm=0.000
		}
		period={
			between={ 0.2 30.2 }
			temperature={ 20.0 33.0 }
			no_phenomenon=0.300
			rain_light=0.250
			rain_heavy=0.250
			snow=0.000
			blizzard=0.000
			mud=0.200
			sandstorm=0.000
		}
		period={
			between={ 0.3 29.3 }
			temperature={ 20.0 33.0 }
			no_phenomenon=0.300
			rain_light=0.250
			rain_heavy=0.250
			snow=0.000
			blizzard=0.000
			mud=0.200
			sandstorm=0.000
		}
		period={
			between={ 0.4 30.4 }
			temperature={ 20.0 33.0 }
			no_phenomenon=0.300
			rain_light=0.250
			rain_heavy=0.250
			snow=0.000
			blizzard=0.000
			mud=0.200
			sandstorm=0.000
		}
		period={
			between={ 0.5 29.5 }
			temperature={ 22.0 35.0 }
			no_phenomenon=0.300
			rain_light=0.200
			rain_heavy=0.300
			snow=0.000
			blizzard=0.000
			mud=0.200
			sandstorm=0.000
		}
		period={
			between={ 0.6 30.6 }
			temperature={ 22.0 35.0 }
			no_phenomenon=0.300
			rain_light=0.200
			rain_heavy=0.300
			snow=0.000
			blizzard=0.000
			mud=0.200
			sandstorm=0.000
		}
		period={
			between={ 0.7 30.7 }
			temperature={ 22.0 35.0 }
			no_phenomenon=0.300
			rain_light=0.200
			rain_heavy=0.300
			snow=0.000
			blizzard=0.000
			mud=0.200
			sandstorm=0.000
		}
		period={
			between={ 0.8 29.8 }
			temperature={ 20.0 33.0 }
			no_phenomenon=0.300
			rain_light=0.250
			rain_heavy=0.250
			snow=0.000
			blizzard=0.000
			mud=0.200
			sandstorm=0.000
		}
		period={
			between={ 0.9 30.9 }
			temperature={ 20.0 33.0 }
			no_phenomenon=0.300
			rain_light=0.250
			rain_heavy=0.250
			snow=0.000
			blizzard=0.000
			mud=0.200
			sandstorm=0.000
		}
		period={
			between={ 0.10 29.10 }
			temperature={ 20.0 33.0 }
			no_phenomenon=0.300
			rain_light=0.250
			rain_heavy=0.250
			snow=0.000
			blizzard=0.000
			mud=0.200
			sandstorm=0.000
		}
		period={
			between={ 0.11 30.11 }
			temperature={ 18.0 30.0 }
			no_phenomenon=0.350
			rain_light=0.250
			rain_heavy=0.250
			snow=0.000
			blizzard=0.000
			mud=0.150
			sandstorm=0.000
		}
	}
}
