strategic_region={
	id=11
	name="STRATEGICREGION_WT_11"
	provinces={
		2 8 15 18 25 27 32 35 36 39 41 44 50 63 69 71 75 76 79 81 89 93 104 106 111 116 121 129 132 135 141 142 143 146 157 160 162 163 181 183 186 187 192 193 196 197 201 204 205 216 219 227 229 236 239 243 245 253 266 272 279 290 291 295 297 300 312 315 322 330 342 343 346 348 349 357 360 362 366 367 368 369 372 375 381 382 383 385 388 389 391 393 394 395 396 397 398 411 419 420 421 422 425 430 433 435 438 441 443 450 452 453 457 460 461 464 465 467 473 476 478 482 483 488 489 493 497 501 508 510 511 513 519 521 522 524 527 530 532 535 538 539 542 544 547 552 561 565 567 570 576 579 580 583 585 587 593 595 602 605 607 610 614 617 620 621 622 625 633 637 638 641 645 654 655 658 661 666 669 670 672 673 681 683 686 690 692 698 699 701 710 713 715 723 724 734 748 749 750 757 764 770 773 776 780 784 786 790 791 793 794 799 800 805 814 815 816 818 819 820 821 823 827 829 830 835 838 844 850 852 854 858 865 867 868 870 873 882 883 887 888 894 897 899 906 909 913 914 916 920 921 922 926 939 945 946 951 963 964 971 973 974 978 981 984 985 989 992 997 998 1007 1009 1011 1012 1019 1027 1028 1029 1033 1034 1042 1045 1051 1056 1061 1063 1065 1068 1070 1072 1076 1080 1090 1093 1094 1098 1102 1106 1107 1110 1114 1115 1118 1121 1124 1126 1129 1131 1132 1133 1134 1135 1137 1142 1148 1149 1151 1155 1161 1163 1169 1178 1181 1182 1183 1188 1194 1197 1199 1200 1207 1208 1216 1217 1218 1222 1225 1226 1228 1229 1230 1233 1235 1239 1242 1244 1246 1249 1252 1256 1258 1266 1270 1271 1283 1287 1292 1293 1296 1297 1299 1307 1308 1310 1311 1312 1316 1318 1320 1321 1324 1327 1329 1331 1332 1340 1342 1356 1358 1359 1362 1363 1366 1369 1371 1381 1388 1390 1397 1398 1401 1404 1405 1410 1412 1417 1422 1423 1426 1431 1435 1436 1438 1442 1450 1454 1458 1460 1464 1476 1477 1478 1485 1486 1487 1488 1490 1492 1493 1494 1497 1501 1507 1508 1511 1516 1517 1520 1524 1527 1528 1529 1533 1537 1540 1542 1543 1544 1545 1550 1556 1560 1561 1563 1565 1566 1572 1575 1576 1577 1584 1586 1594 1595 1596 1598 1599 1607 1609 1615 1617 1627 1628 1630 1631 1635 1638 1642 1645 1646 1648 1651 1653 1656 1659 1661 1662 1664 1668 1669 1676 1680 1682 1683 1685 1688 1690 1691 1692 1694 1697 1703 1704 1709 1712 1716 1719 1725 1726 1727 1728 1735 1737 1743 1744 1748 1749 1750 1752 1756 1757 1762 1763 1764 1767 1768 1775 1777 1780 1781 1782 1783 1788 1795 1797 1798 1799 1801 1803 1806 1807 1811 1812 1815 1817 1821 1822 1823 1824 1826 1827 1829 1830 1831 1833 1834 1837 1838 1840 1843 1851 1854 1857 1860 1861 1864 1866 1867 1868 1871 1873 1879 1882 1883 1884 1892 1894 1897 1901 1903 1915 1918 1919 1923 1924 1928 1935 1936 1939 1941 1943 1944 1949 1950 1957 1958 1959 1961 1962 1963 1966 1981 1997 2002 2005 2007 2009 2012 2013 2015 2018 2019 2023 2025 2026 2031 2032 2035 2040 2041 2043 2048 2056 2059 2073 2080 2082 2083 2085 2094 2099 2102 2107 2110 2114 2120 2126 2130 2131 2134 2136 2143 2144 2145 2147 2148 2159 2160 2174 2176 2177 2178 2182 2183 2187 2189 2193 2200 2202 2203 2205 2207 2210 2213 2215 2217 2224 2232 2233 2234 2236 2237 2238 2240 2242 2243 2245 2249 2253 2254 2258 2262 2263 2266 2267 2271 2273 2280 2281 2286 2288 2290 2291 2292 2298 2302 2309 2313 2318 2319 2322 2325 2328 2331 2332 2333 2335 2336 2337 2340 2342 2343 2348 2356 2359 2362 2363 2364 2365 2366 2367 2374 2380 2391 2392 2394 2395 2396 2397 2399 2404 2413 2417 2419 2429 2430 2431 2435 2442 2445 2453 2455 2458 2460 2461 2464 2467 2470 2477 2481 2485 2490 2492 2499 2509 2515 2524 2538 2541 2542 2544 2549 2553 2554 2555 2564 2565 2575 2576 2579 2583 2588 2589 2592 2604 2610 2612 2615 2618 2619 2623 2624 2627 2628 2631 2633 2634 2635 2636 2637 2638 2645 2648 2649 2657 2659 2662 2670 2674 2682 2687 2688 2689 2691 2698 2701 2703 2704 2708 2719 2723 2731 2736 2741 2745 2746 2747 2748 2752 2754 2757 2763 2764 2775 2780 2783 2785 2787 2789 2790 2795 2802 2808 2812 2814 2819 2822 2823 2825 2828 2829 2833 2835 2837 2839 2847 2848 2851 2857 2871 2872 2876 2884 2886 2888 2890 2895 2901 2903 2907 2908 2913 2914 2917 2923 2925 2926 2929 2934 2939 2946 2947 2949 2950 2960 2962 2963 2964 2966 2967 2970 2971 2974 2976 2977 2980 2990 2991 2997 3001 3003 3004 3009 3011 3020 3023 3024 3027 3029 3033 3038 3040 3043 3048 3053 3055 3060 3064 3068 3070 3071 3072 3073 3074 3076 3077 3084 3088 3093 3098 3102 3103 3105 3106 3111 3112 3116 3122 3125 3129 3138 3139 3146 3148 3150 3156 3158 3161 3163 3165 3166 3173 3174 3175 3177 3180 3191 3193 3195 3197 3198 3200 3201 3203 3206 3208 3210 3213 3215 3218 3221 3222 3223 3226 3232 3239 3242 3245 3246 3249 3255 3256 3259 3261 3263 3266 3274 3276 3277 3279 3280 3284 3291 3295 3299 3301 3305 3306 3308 3312 3313 3315 3318 3322 3325 3326 3327 3330 3331 3333 3341 3343 3346 3351 3354 3356 3360 3361 3363 3370 3371 3372 3376 3378 3379 3381 3388 3389 3392 3395 3396 3399 3408 3410 3412 3416 3417 3418 3419 3422 3425 3426 3436 3439 3440 3441 3453 3460 3462 3473 3474 3475 3477 3480 3486 3490 3496 3500 3502 3506 3508 3509 3512 3514 3517 3518 3520 3521 3523 3532 3535 3544 3545 3548 3549 3554 3556 3559 3564 3569 3574 3576 3581 3585 3586 3587 3595 3599 3603 3608 3613 3618 3620 3623 3624 3625 3626 3628 3631 3633 3637 3638 3639 3645 3647 3650 3651 3653 3654 3666 3669 3673 3678 3680 3681 3685 3688 3689 3692 3696 3698 3704 3707 3708 3711 3716 3719 3721 3722 3732 3742 3744 3746 3747 3751 3754 3759 3760 3761 3763 3764 3765 3766 3769 3770 3775 3778 3782 3783 3785 3786 3792 3793 3798 3801 3803 3806 3807 3809 3810 3811 3814 3821 3825 3826 3827 3835 3847 3852 3859 3866 3867 3868 3870 3872 3873 3874 3876 3878 3881 3882 3884 3886 3889 3891 3893 3895 3900 3908 3909 3912 3916 3917 3919 3925 3930 3932 3944 3946 3955 3956 3957 3961 3965 3967 3971 3972 3974 3978 3979 3982 3983 3984 3990 3991 3992 3993 3995 3997 4000 4002 4003 4008 4009 4020 4021 4022 4023 4025 4033 4046 4050 4051 4052 4056 4057 4061 4063 4065 4068 4069 4073 4074 4084 4092 4098 4102 4121 4123 4125 4126 4127 4132 4138 4144 4148 4157 4158 4159 4161 4167 4170 4171 4173 4175 4182 4183 4185 4191 4196 4198 4201 4209 4212 4214 4216 4217 4218 4219 4226 4233 4234 4238 4239 4241 4242 4243 4244 4245 4246 4250 4257 4261 4265 4268 4269 4270 4272 4278 4286 4289 4294 4297 4303 4305 4313 4314 4315 4326 4333 4334 4343 4356 4358 4363 4367 4372 4376 4383 4397 4403 4409 4411 4412 4413 4418 4420 4422 4430 4431 4437 4442 4447 4453 4454 4455 4457 4461 4464 4484 4490 4491 4494 4500 4506 4509 4510 4511 4513 4515 4520 4522 4524 4525 4526 4527 4530 4536 4538 4539 4540 4543 4547 4548 4551 4557 4566 4569 4571 4573 4575 4578 4584 4586 4588 4589 4593 4594 4602 4612 4617 4620 4622 4624 4627 4634 4639 4642 4643 4644 4646 4647 4648 4657 4659 4662 4663 4669 4674 4676 4677 4680 4686 4690 4691 4696 4697 4698 4699 4700 4703 4706 4707 4714 4715 4716 4718 4719 4720 4721 4724 4726 4736 4737 4742 4746 4747 4750 4756 4757 4760 4761 4766 4768 4769 4783 4795 4796 4800 4802 4803 4807 4808 4810 4812 4815 4817 4820 4821 4826 4827 4828 4841 4842 4844 4845 4848 4849 4851 4852 4855 4858 4861 4862 4865 4870 4873 4876 4880 4881 4883 4891 4895 4900 4902 4905 4910 4915 4920 4921 4923 4926 4931 4932 4938 4939 4941 4946 4947 4948 4957 4959 4960 4961 4964 4974 4985 4986 4989 4993 4997 5000 5006 5015 5017 5021 5025 5026 5028 5029
	}
	weather={
		period={
			between={ 0.0 30.0 }
			temperature={ 18.0 30.0 }
			no_phenomenon=0.350
			rain_light=0.250
			rain_heavy=0.250
			snow=0.000
			blizzard=0.000
			mud=0.150
			sandstorm=0.000
		}
		period={
			between={ 0.1 27.1 }
			temperature={ 18.0 30.0 }
			no_phenomenon=0.350
			rain_light=0.250
			rain_heavy=0.250
			snow=0.000
			blizzard=0.000
			mud=0.150
			sandstorm=0.000
		}
		period={
			between={ 0.2 30.2 }
			temperature={ 20.0 33.0 }
			no_phenomenon=0.300
			rain_light=0.250
			rain_heavy=0.250
			snow=0.000
			blizzard=0.000
			mud=0.200
			sandstorm=0.000
		}
		period={
			between={ 0.3 29.3 }
			temperature={ 20.0 33.0 }
			no_phenomenon=0.300
			rain_light=0.250
			rain_heavy=0.250
			snow=0.000
			blizzard=0.000
			mud=0.200
			sandstorm=0.000
		}
		period={
			between={ 0.4 30.4 }
			temperature={ 20.0 33.0 }
			no_phenomenon=0.300
			rain_light=0.250
			rain_heavy=0.250
			snow=0.000
			blizzard=0.000
			mud=0.200
			sandstorm=0.000
		}
		period={
			between={ 0.5 29.5 }
			temperature={ 22.0 35.0 }
			no_phenomenon=0.300
			rain_light=0.200
			rain_heavy=0.300
			snow=0.000
			blizzard=0.000
			mud=0.200
			sandstorm=0.000
		}
		period={
			between={ 0.6 30.6 }
			temperature={ 22.0 35.0 }
			no_phenomenon=0.300
			rain_light=0.200
			rain_heavy=0.300
			snow=0.000
			blizzard=0.000
			mud=0.200
			sandstorm=0.000
		}
		period={
			between={ 0.7 30.7 }
			temperature={ 22.0 35.0 }
			no_phenomenon=0.300
			rain_light=0.200
			rain_heavy=0.300
			snow=0.000
			blizzard=0.000
			mud=0.200
			sandstorm=0.000
		}
		period={
			between={ 0.8 29.8 }
			temperature={ 20.0 33.0 }
			no_phenomenon=0.300
			rain_light=0.250
			rain_heavy=0.250
			snow=0.000
			blizzard=0.000
			mud=0.200
			sandstorm=0.000
		}
		period={
			between={ 0.9 30.9 }
			temperature={ 20.0 33.0 }
			no_phenomenon=0.300
			rain_light=0.250
			rain_heavy=0.250
			snow=0.000
			blizzard=0.000
			mud=0.200
			sandstorm=0.000
		}
		period={
			between={ 0.10 29.10 }
			temperature={ 20.0 33.0 }
			no_phenomenon=0.300
			rain_light=0.250
			rain_heavy=0.250
			snow=0.000
			blizzard=0.000
			mud=0.200
			sandstorm=0.000
		}
		period={
			between={ 0.11 30.11 }
			temperature={ 18.0 30.0 }
			no_phenomenon=0.350
			rain_light=0.250
			rain_heavy=0.250
			snow=0.000
			blizzard=0.000
			mud=0.150
			sandstorm=0.000
		}
	}
}
