strategic_region={
	id=21
	name="STRATEGICREGION_WT_21"
	provinces={
		5 7 9 14 16 20 22 23 24 29 31 33 34 37 38 42 45 48 52 53 56 57 66 67 73 78 84 86 88 92 94 95 98 99 101 102 108 109 117 123 124 125 128 131 144 147 149 151 153 156 159 164 167 169 171 173 174 176 178 182 184 185 188 194 195 198 199 203 207 215 218 224 226 228 232 233 234 235 241 244 247 249 250 254 256 264 267 271 275 276 277 282 284 286 289 293 294 296 298 299 301 302 305 307 309 310 314 319 320 325 326 332 333 334 338 339 340 341 344 345 355 359 363 371 374 377 379 380 386 390 392 402 404 406 410 412 413 414 415 417 423 424 427 432 434 437 440 444 446 449 451 455 458 462 463 468 469 474 477 491 495 496 498 499 503 505 512 514 516 517 520 525 529 537 541 545 549 550 557 559 560 563 564 566 572 573 574 577 578 582 584 596 599 601 603 606 608 612 613 616 618 624 628 629 640 642 644 664 665 667 668 671 679 684 685 687 688 689 691 694 695 700 706 708 716 721 722 726 727 728 730 735 736 738 747 751 753 756 758 759 761 765 767 769 771 772 775 777 781 787 789 792 804 806 809 810 837 840 841 848 855 857 861 863 872 874 875 878 879 880 886 891 898 901 902 903 907 910 911 918 927 928 932 935 936 942 944 947 948 949 952 955 956 959 960 961 966 967 969 976 979 982 986 990 991 993 995 1005 1006 1017 1022 1023 1024 1025 1026 1032 1036 1039 1040 1043 1046 1047 1052 1054 1055 1057 1059 1062 1064 1066 1071 1077 1078 1079 1081 1085 1086 1092 1096 1097 1103 1105 1109 1120 1122 1128 1130 1139 1141 1143 1146 1147 1150 1152 1153 1154 1156 1158 1160 1162 1164 1167 1171 1174 1175 1176 1177 1179 1180 1185 1189 1192 1193 1195 1202 1204 1206 1212 1221 1223 1224 1227 1232 1238 1247 1259 1260 1263 1265 1268 1269 1272 1274 1276 1281 1284 1285 1286 1290 1294 1298 1306 1317 1328 1333 1335 1337 1344 1346 1348 1349 1350 1353 1367 1368 1372 1375 1376 1377 1379 1389 1392 1396 1400 1406 1409 1421 1424 1428 1429 1437 1441 1445 1449 1451 1457 1459 1461 1471 1472 1475 1483 1484 1489 1506 1510 1512 1515 1523 1526 1530 1532 1534 1538 1548 1552 1558 1559 1562 1564 1569 1574 1578 1582 1590 1597 1600 1602 1603 1604 1605 1608 1610 1622 1623 1625 1629 1637 1640 1641 1643 1647 1654 1655 1660 1666 1671 1672 1674 1677 1681 1686 1687 1689 1693 1696 1698 1699 1700 1705 1706 1707 1713 1714 1717 1718 1721 1723 1724 1731 1732 1733 1740 1742 1746 1751 1753 1754 1759 1765 1766 1770 1784 1792 1796 1802 1805 1810 1814 1819 1828 1832 1841 1844 1846 1848 1849 1850 1856 1858 1863 1865 1869 1872 1876 1877 1878 1880 1886 1888 1908 1917 1926 1930 1932 1933 1934 1937 1942 1945 1946 1948 1951 1964 1965 1969 1973 1974 1975 1978 1979 1980 1986 1987 1988 1991 1998 2006 2010 2020 2021 2024 2030 2033 2034 2036 2038 2039 2044 2045 2046 2050 2053 2057 2058 2061 2063 2064 2065 2066 2067 2068 2070 2072 2074 2075 2079 2088 2098 2100 2101 2105 2109 2112 2115 2116 2117 2121 2125 2127 2128 2129 2133 2137 2142 2146 2152 2153 2155 2156 2161 2165 2166 2167 2171 2172 2175 2185 2186 2188 2194 2199 2201 2208 2211 2218 2219 2223 2226 2230 2241 2244 2248 2250 2256 2260 2261 2265 2269 2278 2279 2284 2285 2294 2296 2300 2301 2303 2304 2305 2308 2310 2312 2321 2324 2327 2330 2341 2346 2347 2350 2353 2354 2355 2358 2361 2368 2371 2372 2373 2381 2382 2389 2400 2403 2405 2408 2410 2412 2418 2422 2424 2425 2426 2428 2434 2436 2437 2440 2441 2443 2444 2446 2448 2449 2454 2456 2459 2465 2466 2468 2472 2473 2474 2476 2480 2482 2483 2484 2486 2488 2489 2491 2494 2496 2502 2512 2513 2514 2517 2518 2520 2522 2532 2535 2537 2539 2545 2552 2556 2557 2562 2563 2572 2574 2577 2581 2582 2584 2590 2593 2595 2597 2598 2603 2605 2608 2611 2613 2617 2620 2621 2622 2625 2626 2629 2632 2640 2643 2650 2654 2667 2669 2671 2672 2676 2679 2681 2683 2685 2686 2690 2693 2694 2695 2706 2707 2710 2711 2713 2714 2716 2718 2720 2721 2722 2729 2730 2734 2750 2751 2753 2756 2761 2776 2781 2782 2784 2788 2792 2794 2797 2798 2800 2801 2804 2805 2806 2807 2811 2815 2817 2820 2824 2827 2838 2843 2844 2846 2849 2850 2862 2863 2869 2870 2874 2878 2885 2887 2889 2891 2892 2894 2898 2904 2905 2910 2916 2919 2922 2927 2930 2932 2936 2937 2941 2951 2954 2957 2958 2959 2972 2973 2975 2978 2979 2984 2987 2992 2993 2994 2998 3000 3006 3012 3013 3015 3016 3017 3018 3022 3035 3036 3041 3042 3044 3057 3059 3061 3067 3075 3078 3081 3082 3095 3096 3097 3099 3109 3110 3115 3118 3120 3126 3136 3141 3144 3145 3149 3151 3152 3154 3157 3159 3162 3167 3169 3178 3179 3181 3183 3187 3188 3189 3199 3202 3204 3212 3217 3219 3220 3225 3227 3228 3229 3233 3234 3235 3237 3243 3247 3252 3257 3262 3268 3269 3271 3273 3281 3282 3287 3289 3290 3293 3294 3304 3307 3309 3319 3320 3324 3332 3334 3335 3336 3339 3342 3345 3347 3348 3349 3350 3364 3373 3377 3380 3384 3385 3387 3390 3394 3397 3400 3401 3405 3411 3423 3424 3427 3430 3431 3432 3433 3434 3437 3443 3444 3445 3446 3448 3450 3451 3452 3454 3455 3456 3457 3464 3465 3467 3468 3481 3485 3491 3492 3494 3495 3497 3498 3501 3505 3510 3515 3519 3530 3531 3536 3539 3541 3553 3558 3565 3567 3568 3570 3571 3580 3593 3594 3600 3602 3604 3611 3614 3616 3617 3622 3634 3648 3655 3659 3665 3667 3670 3675 3679 3684 3691 3693 3695 3701 3703 3713 3715 3717 3718 3720 3723 3727 3729 3730 3733 3738 3745 3748 3749 3750 3753 3755 3756 3757 3762 3771 3772 3774 3776 3781 3795 3796 3799 3815 3818 3819 3822 3823 3824 3828 3830 3834 3837 3839 3841 3842 3844 3846 3850 3855 3860 3861 3862 3863 3879 3880 3887 3888 3892 3894 3899 3901 3907 3910 3911 3915 3918 3920 3923 3926 3928 3934 3939 3941 3942 3943 3945 3949 3954 3958 3966 3970 3976 3977 3989 4001 4004 4005 4007 4010 4014 4017 4024 4029 4032 4034 4036 4038 4041 4044 4048 4055 4059 4060 4062 4064 4067 4070 4071 4075 4076 4077 4080 4085 4089 4090 4091 4095 4096 4097 4099 4104 4106 4107 4109 4112 4117 4118 4120 4124 4130 4131 4134 4137 4150 4151 4155 4156 4162 4163 4168 4172 4178 4180 4186 4188 4189 4190 4192 4197 4199 4200 4202 4203 4206 4211 4213 4215 4220 4221 4223 4224 4230 4232 4236 4237 4248 4249 4251 4254 4256 4258 4264 4273 4274 4275 4279 4285 4287 4290 4296 4307 4308 4309 4311 4312 4316 4318 4319 4320 4328 4329 4336 4337 4338 4340 4341 4344 4345 4347 4348 4350 4352 4354 4370 4371 4373 4374 4375 4379 4381 4382 4390 4393 4395 4396 4399 4400 4405 4414 4415 4423 4427 4428 4434 4441 4443 4444 4448 4451 4456 4458 4459 4463 4465 4467 4475 4477 4479 4480 4482 4483 4487 4502 4503 4508 4514 4519 4523 4528 4529 4531 4535 4541 4542 4546 4553 4556 4558 4560 4561 4562 4564 4568 4579 4585 4587 4590 4598 4599 4600 4601 4607 4609 4610 4614 4615 4618 4621 4630 4633 4635 4636 4640 4649 4650 4651 4654 4666 4667 4670 4673 4675 4678 4682 4687 4688 4701 4702 4709 4711 4717 4730 4735 4740 4741 4745 4749 4751 4752 4753 4754 4755 4759 4763 4767 4771 4772 4774 4775 4776 4777 4778 4779 4784 4786 4788 4789 4791 4801 4804 4806 4809 4818 4822 4829 4830 4833 4838 4840 4847 4850 4853 4863 4864 4866 4872 4875 4877 4885 4886 4887 4889 4890 4894 4897 4899 4901 4904 4908 4927 4935 4937 4942 4944 4951 4956 4966 4967 4968 4971 4972 4977 4979 4981 4984 4988 4991 4996 4999 5002 5003 5004 5005 5007 5008 5009 5011 5013 5014 5020 5024 5030 5032 5033
	}
	weather={
		period={
			between={ 0.0 30.0 }
			temperature={ -15.0 0.0 }
			no_phenomenon=0.300
			rain_light=0.100
			rain_heavy=0.050
			snow=0.300
			blizzard=0.150
			mud=0.050
			sandstorm=0.000
			min_snow_level=0.20
		}
		period={
			between={ 0.1 27.1 }
			temperature={ -15.0 0.0 }
			no_phenomenon=0.300
			rain_light=0.100
			rain_heavy=0.050
			snow=0.300
			blizzard=0.150
			mud=0.050
			sandstorm=0.000
			min_snow_level=0.20
		}
		period={
			between={ 0.2 30.2 }
			temperature={ 0.0 15.0 }
			no_phenomenon=0.400
			rain_light=0.200
			rain_heavy=0.100
			snow=0.100
			blizzard=0.000
			mud=0.150
			sandstorm=0.000
		}
		period={
			between={ 0.3 29.3 }
			temperature={ 0.0 15.0 }
			no_phenomenon=0.400
			rain_light=0.200
			rain_heavy=0.100
			snow=0.100
			blizzard=0.000
			mud=0.150
			sandstorm=0.000
		}
		period={
			between={ 0.4 30.4 }
			temperature={ 0.0 15.0 }
			no_phenomenon=0.400
			rain_light=0.200
			rain_heavy=0.100
			snow=0.100
			blizzard=0.000
			mud=0.150
			sandstorm=0.000
		}
		period={
			between={ 0.5 29.5 }
			temperature={ 10.0 25.0 }
			no_phenomenon=0.500
			rain_light=0.200
			rain_heavy=0.100
			snow=0.000
			blizzard=0.000
			mud=0.100
			sandstorm=0.000
		}
		period={
			between={ 0.6 30.6 }
			temperature={ 10.0 25.0 }
			no_phenomenon=0.500
			rain_light=0.200
			rain_heavy=0.100
			snow=0.000
			blizzard=0.000
			mud=0.100
			sandstorm=0.000
		}
		period={
			between={ 0.7 30.7 }
			temperature={ 10.0 25.0 }
			no_phenomenon=0.500
			rain_light=0.200
			rain_heavy=0.100
			snow=0.000
			blizzard=0.000
			mud=0.100
			sandstorm=0.000
		}
		period={
			between={ 0.8 29.8 }
			temperature={ -5.0 10.0 }
			no_phenomenon=0.350
			rain_light=0.200
			rain_heavy=0.100
			snow=0.200
			blizzard=0.050
			mud=0.100
			sandstorm=0.000
			min_snow_level=0.10
		}
		period={
			between={ 0.9 30.9 }
			temperature={ -5.0 10.0 }
			no_phenomenon=0.350
			rain_light=0.200
			rain_heavy=0.100
			snow=0.200
			blizzard=0.050
			mud=0.100
			sandstorm=0.000
			min_snow_level=0.10
		}
		period={
			between={ 0.10 29.10 }
			temperature={ -5.0 10.0 }
			no_phenomenon=0.350
			rain_light=0.200
			rain_heavy=0.100
			snow=0.200
			blizzard=0.050
			mud=0.100
			sandstorm=0.000
			min_snow_level=0.10
		}
		period={
			between={ 0.11 30.11 }
			temperature={ -15.0 0.0 }
			no_phenomenon=0.300
			rain_light=0.100
			rain_heavy=0.050
			snow=0.300
			blizzard=0.150
			mud=0.050
			sandstorm=0.000
			min_snow_level=0.20
		}
	}
}
