strategic_region={
	id=30
	name="STRATEGICREGION_WT_30"
	provinces={
		5571 5582 5584 5591 5596 5604 5611 5613 5623 5629 5634 5639 5651 5655 5660 5664 5665 5666 5668 5671 5674 5677 5691 5692 5693 5706 5710 5717 5722 5726 5728 5738 5749 5756 5767 5781 5788 5797 5812 5814 5821 5828 5830 5834 5840 5853 5855 5856 5860 5877 5887 5898 5906 5913 5918 5925 5928 5933 5939 5942 5943 5944 5945 5951 5959 5964 5979 6008 6013 6021 6024 6028 6030 6031 6032 6033 6045 6051 6062 6067 6068 6072 6074 6075 6077 6078 6079 6081 6082 6097 6105 6108 6109 6111 6122 6143 6160 6162 6167 6174 6181 6183 6185 6186 6201 6207 6213 6216 6220 6227 6235 6244 6245 6246 6252 6259 6266 6267 6271 6273 6277 6278 6291 6295 6298 6300 6317 6320 6325 6333 6347 6349 6350 6359 6361 6364 6375 6376 6380 6381 6399 6405 6407 6419 6433 6434 6436 6439 6441 6442 6445 6447 6452 6454 6467 6480 6481 6483 6486 6495 6504 6506 6509 6520 6522 6529 6531 6532 6542 6544 6548 6551 6552 6560 6561 6567 6568 6578 6579 6588 6600 6612 6613 6628 6629 6630 6631 6635 6636 6639 6642 6644 6648 6657 6664 6672 6679 6688 6696 6698 6699 6703 6706 6721 6726 6727 6728 6731 6738 6740 6749 6751 6755 6758 6759 6762 6775 6798 6800 6801 6807 6816 6817 6825 6827 6848 6850 6853 6856 6871 6877 6880 6883 6894 6895 6907 6922 6926 6930 6933 6937 6943 6961 6975 6978 6980 6993 6997 7017 7023 7040 7041 7045 7063 7064 7068 7073 7078 7088 7092 7093 7094 7103 7108 7109 7116 7120 7132 7134 7145 7156 7160 7176 7183 7189 7196 7200 7201 7206 7215 7216 7228 7242 7246 7254 7265 7267 7270 7274 7281 7292 7301 7302 7320 7321 7324 7329 7332 7340 7342 7346 7347 7348 7349 7352 7359 7362 7366 7369 7370 7372 7379 7381 7383 7387 7396 7406 7407 7408 7410 7413 7417 7428 7436 7439 7444 7455 7456 7461 7469 7471 7474 7478 7479 7486 7491 7496 7500 7502 7507 7512 7516 7519 7523 7527 7528 7529 7530 7534 7537 7547 7551 7552 7557 7559 7564 7571 7576 7581 7584 7586 7605 7608 7612 7616 7618 7621 7627 7628 7631 7632 7644 7652 7658 7664 7665 7669 7672 7679 7690 7692 7695 7698 7714 7720 7721 7722 7733 7736 7737 7747 7754 7760 7763 7774 7778 7781 7787 7793 7801 7803 7804 7805 7808 7813 7818 7833 7837 7844 7848 7849 7852 7858 7859 7864 7868 7871 7873 7893 7895 7897 7898 7900 7901 7902 7908 7910 7919 7925 7927 7928 7937 7939 7940 7941 7943 7946 7947 7949 7952 7955 7956 7960 7962 7970 7977 7983 7995 8010 8025 8026 8028 8033 8034 8036 8041 8050 8052 8059 8067 8071 8084 8099 8102 8103 8104 8105 8107 8109 8116 8118 8123 8125 8129 8131 8133 8145 8159 8161 8164 8172 8177 8179 8184 8187 8188 8189 8192 8196 8198 8200 8201 8202 8204 8207 8209 8215 8222 8226 8227 8230 8233 8236 8245 8248 8256 8260 8271 8276 8278 8282 8287 8291 8300 8305 8309 8314 8317 8320 8330 8357 8361 8370 8382 8386 8401 8403 8411 8419 8423 8428 8435 8437 8438 8445 8448 8451 8454 8469 8472 8481 8482 8484 8489 8501 8507 8515 8534 8543 8547 8550 8556 8571 8577 8581 8607 8618 8619 8622 8630 8640 8645 8657 8660 8665 8666 8668 8671 8672 8675 8680 8690 8692 8697 8701 8709 8714 8723 8726 8728 8743 8746 8750 8751 8753 8754 8759 8764 8771 8772 8774 8785 8786 8787 8790 8794 8797 8809 8824 8831 8832 8835 8869 8871 8874 8876 8895 8903 8908 8910 8914 8921 8924 8930 8932 8934 8945 8947 8952 8953 8979 8983 8991 9012 9014 9015 9023 9034 9036 9041 9043 9046 9047 9054 9056 9064 9084 9085 9092 9094 9097 9107 9128 9131 9134 9135 9138 9143 9146 9147 9155 9176 9177 9179 9191 9193 9194 9199 9200 9214 9216 9232 9236 9237 9239 9252 9255 9259 9260 9275 9281 9288 9289 9293 9299 9301 9304 9307 9309 9317 9328 9335 9338 9341 9342 9351 9359 9360 9364 9369 9378 9380 9383 9385 9389 9395 9400 9401 9412 9421 9425 9436 9439 9457 9460 9463 9477 9485 9488 9489 9496 9500 9502 9518 9524 9543 9544 9546 9560 9571 9573 9577 9578 9581 9583 9592 9596 9611 9612 9614 9619 9625 9626 9629 9630 9633 9638 9641 9644 9657 9658 9663 9674 9678 9679 9680 9682 9687 9688 9689 9707 9717 9723 9724 9725 9730 9732 9744 9754 9758 9775 9779 9784 9799 9802 9803 9815 9822 9833 9836 9856 9860 9871 9873 9876 9886 9899 9900 9908 9912 9920 9929 9938 9947 9957 9965 9977 9982 9986 10005 10006 10012 10020 10024 10032 10036 10037 10041 10044 10051 10058 10071 10072 10083 10094 10097 10100 10106 10112 10113 10114 10115 10120 10126 10134 10142 10149 10153 10154 10155 10156 10157 10172 10187 10207 10209 10225 10229 10240 10242 10244 10249 10251 10262 10265 10271 10272 10275 10280 10282 10294 10295 10301 10303 10310 10315 10320 10322 10324 10325 10326 10328 10331 10344 10345 10346 10350 10354 10364 10365 10367 10379 10381 10382 10383 10392 10393 10397 10399 10406 10407 10412 10419 10420 10429 10430 10435 10441 10448 10453 10457 10466 10467 10468 10479 10487 10490 10500 10512 10520 10522 10525 10530 10532 10536 10537 10546 10556 10570 10573 10575 10577 10583 10587 10592 10593 10594 10605 10613 10627 10631 10634 10639 10640 10646 10647 10654 10659 10661 10674 10675 10697 10698 10702 10712 10716 10724 10738 10741 10742 10750 10753 10756 10757 10760 10764 10772 10781 10783 10785 10813 10820 10824 10830 10834 10839 10841 10842 10844 10848 10850 10857 10862 10865 10869 10879 10882 10884 10887 10890 10896 10900 10907 10911 10915 10919 10924 10928 10932 10934 10936 10937 10939 10956 10966 10978 10982 10991 10993 10994 10998 10999 11010 11014 11021 11023 11035 11037 11041 11042 11045 11046 11048 11049 11050 11051 11053 11062 11072 11076 11078 11084 11103 11104 11107 11115 11116 11117 11120 11122 11125 11130 11138 11144 11145 11156 11158 11161 11170 11171 11177 11184 11194 11202 11203 11210 11213 11215 11219 11222 11225 11228 11229 11233 11243 11248 11253 11257 11270 11272 11273 11277 11283 11284 11285 11288 11289 11305 11310 11318
	}
	weather={
		period={
			between={ 0.0 30.0 }
			temperature={ -5.0 10.0 }
			no_phenomenon=0.400
			rain_light=0.200
			rain_heavy=0.100
			snow=0.150
			blizzard=0.050
			mud=0.100
			sandstorm=0.000
		}
		period={
			between={ 0.1 27.1 }
			temperature={ -5.0 10.0 }
			no_phenomenon=0.400
			rain_light=0.200
			rain_heavy=0.100
			snow=0.150
			blizzard=0.050
			mud=0.100
			sandstorm=0.000
		}
		period={
			between={ 0.2 30.2 }
			temperature={ 5.0 20.0 }
			no_phenomenon=0.500
			rain_light=0.250
			rain_heavy=0.100
			snow=0.050
			blizzard=0.000
			mud=0.100
			sandstorm=0.000
		}
		period={
			between={ 0.3 29.3 }
			temperature={ 5.0 20.0 }
			no_phenomenon=0.500
			rain_light=0.250
			rain_heavy=0.100
			snow=0.050
			blizzard=0.000
			mud=0.100
			sandstorm=0.000
		}
		period={
			between={ 0.4 30.4 }
			temperature={ 5.0 20.0 }
			no_phenomenon=0.500
			rain_light=0.250
			rain_heavy=0.100
			snow=0.050
			blizzard=0.000
			mud=0.100
			sandstorm=0.000
		}
		period={
			between={ 0.5 29.5 }
			temperature={ 15.0 30.0 }
			no_phenomenon=0.600
			rain_light=0.200
			rain_heavy=0.150
			snow=0.000
			blizzard=0.000
			mud=0.050
			sandstorm=0.000
		}
		period={
			between={ 0.6 30.6 }
			temperature={ 15.0 30.0 }
			no_phenomenon=0.600
			rain_light=0.200
			rain_heavy=0.150
			snow=0.000
			blizzard=0.000
			mud=0.050
			sandstorm=0.000
		}
		period={
			between={ 0.7 30.7 }
			temperature={ 15.0 30.0 }
			no_phenomenon=0.600
			rain_light=0.200
			rain_heavy=0.150
			snow=0.000
			blizzard=0.000
			mud=0.050
			sandstorm=0.000
		}
		period={
			between={ 0.8 29.8 }
			temperature={ 5.0 18.0 }
			no_phenomenon=0.500
			rain_light=0.250
			rain_heavy=0.100
			snow=0.050
			blizzard=0.000
			mud=0.100
			sandstorm=0.000
		}
		period={
			between={ 0.9 30.9 }
			temperature={ 5.0 18.0 }
			no_phenomenon=0.500
			rain_light=0.250
			rain_heavy=0.100
			snow=0.050
			blizzard=0.000
			mud=0.100
			sandstorm=0.000
		}
		period={
			between={ 0.10 29.10 }
			temperature={ 5.0 18.0 }
			no_phenomenon=0.500
			rain_light=0.250
			rain_heavy=0.100
			snow=0.050
			blizzard=0.000
			mud=0.100
			sandstorm=0.000
		}
		period={
			between={ 0.11 30.11 }
			temperature={ -5.0 10.0 }
			no_phenomenon=0.400
			rain_light=0.200
			rain_heavy=0.100
			snow=0.150
			blizzard=0.050
			mud=0.100
			sandstorm=0.000
		}
	}
}
