strategic_region={
	id=40
	name="STRATEGICREGION_WT_40"
	provinces={
		5569 5573 5575 5576 5580 5586 5588 5590 5594 5598 5603 5605 5609 5610 5612 5615 5616 5617 5618 5619 5620 5622 5627 5630 5640 5643 5644 5645 5648 5653 5656 5658 5659 5661 5663 5669 5670 5673 5676 5679 5681 5688 5689 5695 5696 5701 5702 5704 5705 5707 5711 5715 5718 5720 5723 5724 5729 5735 5740 5741 5744 5746 5752 5753 5754 5757 5758 5768 5769 5773 5796 5799 5800 5802 5807 5810 5815 5818 5819 5825 5831 5833 5835 5838 5841 5843 5845 5846 5849 5850 5851 5854 5868 5869 5872 5873 5875 5876 5881 5891 5892 5897 5904 5908 5910 5911 5914 5917 5921 5923 5924 5931 5946 5954 5955 5963 5968 5969 5975 5976 5977 5978 5984 5985 5986 5990 5991 5994 5996 6001 6003 6004 6005 6006 6007 6009 6011 6015 6016 6017 6022 6027 6036 6038 6043 6044 6047 6048 6052 6058 6059 6061 6063 6065 6069 6070 6071 6076 6080 6083 6087 6091 6094 6099 6104 6110 6119 6123 6125 6126 6128 6129 6131 6134 6137 6141 6145 6148 6150 6153 6158 6159 6178 6184 6188 6189 6192 6193 6194 6197 6198 6199 6200 6203 6209 6218 6223 6224 6225 6226 6228 6229 6230 6231 6233 6236 6243 6247 6250 6253 6257 6260 6264 6265 6270 6276 6279 6283 6284 6293 6296 6297 6299 6302 6309 6311 6312 6315 6316 6318 6319 6321 6323 6330 6335 6336 6339 6340 6341 6346 6348 6360 6362 6365 6367 6369 6372 6373 6374 6377 6387 6391 6393 6397 6398 6401 6402 6415 6418 6421 6422 6423 6426 6432 6435 6440 6448 6449 6451 6453 6457 6459 6461 6465 6468 6470 6471 6474 6476 6477 6482 6485 6488 6490 6493 6498 6505 6507 6510 6511 6512 6514 6524 6527 6528 6530 6534 6535 6537 6538 6543 6547 6549 6550 6553 6555 6556 6559 6562 6564 6565 6575 6577 6584 6587 6589 6592 6593 6595 6597 6598 6599 6601 6602 6605 6609 6610 6611 6614 6616 6619 6622 6623 6625 6627 6632 6633 6638 6641 6650 6653 6656 6661 6662 6670 6674 6677 6678 6680 6682 6683 6684 6687 6689 6690 6692 6702 6704 6710 6714 6716 6718 6720 6724 6737 6744 6747 6748 6753 6754 6763 6772 6779 6784 6786 6787 6792 6793 6794 6797 6802 6805 6806 6808 6811 6812 6813 6814 6815 6818 6820 6821 6822 6823 6826 6830 6846 6858 6866 6867 6868 6869 6870 6878 6884 6886 6888 6890 6892 6893 6896 6898 6900 6904 6909 6910 6911 6912 6913 6925 6927 6936 6939 6940 6941 6942 6944 6948 6955 6962 6966 6971 6974 6977 6985 6986 6987 6990 6991 6992 6994 7002 7007 7011 7015 7016 7018 7022 7025 7026 7029 7030 7031 7033 7034 7043 7050 7054 7059 7062 7072 7074 7076 7079 7089 7090 7096 7100 7104 7105 7107 7111 7113 7117 7122 7124 7126 7127 7130 7133 7135 7140 7141 7142 7143 7144 7150 7151 7152 7154 7155 7165 7172 7173 7177 7180 7184 7191 7193 7195 7199 7202 7205 7208 7211 7212 7214 7218 7219 7221 7222 7224 7232 7236 7239 7249 7250 7253 7257 7260 7261 7264 7271 7272 7273 7278 7279 7284 7286 7287 7290 7291 7293 7294 7297 7299 7300 7304 7305 7306 7307 7309 7310 7311 7312 7313 7314 7316 7319 7322 7326 7327 7331 7335 7336 7338 7339 7345 7350 7354 7357 7368 7375 7376 7377 7380 7385 7390 7391 7392 7395 7402 7405 7409 7416 7418 7421 7423 7427 7433 7434 7435 7440 7445 7449 7450 7452 7454 7464 7465 7467 7475 7477 7482 7483 7484 7485 7487 7494 7497 7498 7503 7508 7509 7510 7513 7525 7526 7531 7533 7538 7541 7542 7544 7545 7548 7550 7555 7560 7563 7565 7567 7570 7572 7573 7578 7579 7582 7585 7587 7597 7604 7611 7613 7620 7622 7630 7635 7637 7638 7640 7642 7647 7648 7650 7657 7662 7668 7671 7673 7678 7682 7684 7685 7688 7691 7693 7701 7703 7705 7707 7708 7710 7711 7715 7717 7718 7723 7726 7729 7730 7731 7738 7740 7741 7743 7744 7745 7746 7753 7759 7761 7767 7770 7779 7780 7784 7788 7789 7790 7807 7823 7824 7828 7829 7846 7847 7854 7855 7857 7860 7861 7862 7863 7866 7870 7874 7875 7879 7886 7896 7903 7905 7906 7912 7913 7915 7917 7926 7929 7931 7934 7944 7945 7957 7958 7959 7967 7969 7978 7984 7985 7986 7987 7988 7993 8002 8005 8006 8007 8009 8011 8014 8016 8017 8018 8020 8030 8031 8045 8047 8048 8051 8053 8058 8060 8061 8062 8063 8064 8065 8066 8068 8069 8073 8079 8080 8083 8091 8092 8100 8112 8115 8122 8124 8132 8134 8135 8136 8137 8141 8144 8149 8150 8154 8156 8158 8162 8166 8168 8173 8178 8186 8197 8199 8206 8213 8216 8217 8219 8223 8225 8229 8232 8234 8240 8242 8243 8246 8254 8255 8257 8258 8259 8263 8265 8269 8270 8273 8283 8286 8289 8293 8294 8296 8297 8298 8299 8308 8310 8316 8319 8323 8324 8327 8328 8329 8331 8336 8337 8338 8340 8341 8342 8348 8351 8353 8358 8360 8367 8374 8376 8377 8383 8384 8385 8387 8388 8391 8395 8397 8398 8404 8406 8408 8413 8417 8418 8420 8421 8425 8426 8431 8432 8433 8434 8439 8440 8459 8461 8468 8473 8477 8478 8479 8483 8491 8494 8503 8505 8508 8516 8517 8520 8522 8523 8529 8530 8531 8532 8533 8535 8536 8544 8548 8551 8554 8558 8560 8562 8563 8567 8569 8572 8576 8578 8584 8587 8588 8589 8591 8592 8596 8598 8602 8604 8605 8606 8608 8611 8612 8614 8616 8617 8631 8635 8641 8646 8648 8650 8653 8659 8663 8669 8673 8676 8682 8684 8686 8687 8689 8691 8694 8698 8703 8704 8706 8707 8710 8711 8713 8715 8716 8721 8724 8725 8729 8731 8734 8741 8742 8744 8748 8752 8756 8757 8763 8766 8768 8769 8770 8775 8777 8778 8780 8782 8783 8784 8791 8798 8799 8800 8806 8807 8812 8816 8817 8818 8822 8826 8827 8828 8834 8836 8838 8839 8840 8842 8845 8847 8848 8852 8853 8854 8855 8856 8857 8861 8863 8868 8875 8878 8885 8886 8890 8891 8894 8896 8897 8906 8909 8911 8913 8916 8917 8918 8919 8920 8923 8925 8926 8927 8933 8937 8940 8942 8951 8958 8959 8963 8967 8968 8970 8971 8974 8975 8976 8977 8985 8992 8996 8999 9000 9001 9002 9003 9006 9009 9018 9019 9020 9030 9031 9033 9035 9037 9038 9040 9042 9045 9053 9058 9061 9062 9067 9071 9072 9074 9076 9077 9080 9083 9086 9088 9089 9101 9103 9105 9109 9110 9111 9112 9115 9117 9118 9127 9133 9141 9151 9152 9159 9162 9164 9165 9166 9169 9170 9171 9172 9174 9178 9181 9183 9189 9190 9201 9207 9212 9215 9218 9221 9223 9227 9230 9231 9233 9234 9242 9244 9250 9253 9258 9264 9269 9272 9273 9274 9276 9283 9286 9290 9300 9305 9306 9311 9312 9321 9323 9325 9327 9334 9344 9345 9346 9347 9348 9353 9355 9356 9363 9365 9366 9368 9373 9375 9377 9379 9381 9390 9392 9393 9394 9402 9407 9410 9411 9414 9417 9429 9430 9432 9437 9438 9441 9442 9446 9448 9453 9462 9464 9465 9472 9476 9480 9482 9487 9490 9492 9495 9498 9501 9503 9504 9505 9508 9510 9511 9513 9520 9521 9522 9526 9527 9533 9536 9538 9541 9548 9549 9550 9555 9558 9561 9562 9567 9569 9570 9572 9579 9582 9584 9585 9588 9591 9595 9597 9598 9599 9602 9606 9608 9620 9621 9628 9631 9632 9634 9637 9647 9648 9649 9653 9662 9664 9665 9666 9667 9668 9669 9671 9672 9673 9677 9693 9701 9702 9704 9706 9709 9712 9719 9721 9729 9740 9742 9745 9746 9747 9749 9760 9769 9773 9774 9777 9778 9780 9781 9785 9797 9798 9800 9801 9804 9805 9807 9808 9810 9812 9814 9821 9829 9831 9835 9838 9840 9842 9846 9847 9848 9854 9855 9857 9858 9867 9868 9870 9875 9878 9880 9882 9887 9888 9892 9894 9902 9903 9910 9911 9916 9917 9918 9924 9926 9927 9928 9932 9933 9939 9940 9950 9951 9952 9954 9956 9958 9959 9960 9961 9962 9966 9967 9968 9971 9972 9973 9980 9981 9983 9988 9989 9993 9996 9997 9998 10000 10003 10008 10011 10018 10025 10030 10034 10038 10039 10040 10042 10045 10060 10062 10065 10070 10075 10077 10079 10090 10091 10092 10098 10110 10119 10124 10125 10127 10128 10136 10145 10146 10147 10148 10151 10159 10160 10161 10163 10164 10174 10177 10188 10191 10194 10195 10196 10197 10201 10203 10205 10213 10216 10218 10222 10223 10224 10226 10227 10228 10232 10233 10234 10236 10245 10252 10254 10259 10274 10277 10283 10284 10288 10290 10291 10292 10298 10299 10304 10305 10311 10321 10323 10330 10334 10335 10337 10347 10348 10351 10353 10355 10362 10366 10370 10372 10374 10380 10385 10398 10401 10403 10409 10411 10414 10416 10418 10421 10425 10427 10432 10433 10434 10436 10443 10444 10452 10455 10459 10460 10469 10470 10473 10482 10483 10486 10491 10492 10493 10494 10497 10498 10499 10501 10505 10506 10507 10510 10511 10513 10514 10515 10516 10523 10527 10528 10533 10541 10542 10543 10544 10547 10551 10555 10559 10561 10565 10567 10569 10571 10572 10578 10581 10585 10586 10599 10603 10607 10619 10620 10621 10626 10628 10632 10633 10636 10637 10641 10653 10663 10669 10671 10673 10682 10684 10685 10689 10690 10693 10694 10707 10708 10709 10710 10713 10718 10720 10722 10729 10733 10744 10745 10746 10754 10763 10771 10773 10779 10780 10782 10789 10794 10795 10798 10801 10802 10803 10805 10807 10819 10821 10822 10823 10826 10829 10831 10835 10836 10838 10840 10845 10847 10855 10858 10863 10864 10866 10867 10870 10871 10873 10875 10876 10877 10880 10883 10886 10892 10893 10897 10901 10902 10906 10914 10917 10918 10926 10930 10933 10935 10942 10944 10947 10949 10951 10957 10961 10971 10972 10973 10976 10980 10981 10983 10984 10985 10989 10992 11003 11004 11005 11008 11020 11025 11028 11031 11033 11036 11038 11047 11054 11055 11057 11058 11061 11064 11066 11074 11075 11086 11088 11093 11095 11097 11105 11109 11110 11111 11114 11121 11123 11127 11128 11133 11134 11143 11148 11150 11151 11154 11155 11157 11160 11162 11165 11166 11169 11174 11175 11176 11190 11195 11196 11199 11217 11220 11223 11226 11227 11231 11237 11249 11255 11258 11260 11261 11262 11264 11276 11279 11282 11287 11293 11294 11297 11298 11300 11303 11312 11316
	}
	weather={
		period={
			between={ 0.0 30.0 }
			temperature={ -5.0 10.0 }
			no_phenomenon=0.400
			rain_light=0.200
			rain_heavy=0.100
			snow=0.150
			blizzard=0.050
			mud=0.100
			sandstorm=0.000
		}
		period={
			between={ 0.1 27.1 }
			temperature={ -5.0 10.0 }
			no_phenomenon=0.400
			rain_light=0.200
			rain_heavy=0.100
			snow=0.150
			blizzard=0.050
			mud=0.100
			sandstorm=0.000
		}
		period={
			between={ 0.2 30.2 }
			temperature={ 5.0 20.0 }
			no_phenomenon=0.500
			rain_light=0.250
			rain_heavy=0.100
			snow=0.050
			blizzard=0.000
			mud=0.100
			sandstorm=0.000
		}
		period={
			between={ 0.3 29.3 }
			temperature={ 5.0 20.0 }
			no_phenomenon=0.500
			rain_light=0.250
			rain_heavy=0.100
			snow=0.050
			blizzard=0.000
			mud=0.100
			sandstorm=0.000
		}
		period={
			between={ 0.4 30.4 }
			temperature={ 5.0 20.0 }
			no_phenomenon=0.500
			rain_light=0.250
			rain_heavy=0.100
			snow=0.050
			blizzard=0.000
			mud=0.100
			sandstorm=0.000
		}
		period={
			between={ 0.5 29.5 }
			temperature={ 15.0 30.0 }
			no_phenomenon=0.600
			rain_light=0.200
			rain_heavy=0.150
			snow=0.000
			blizzard=0.000
			mud=0.050
			sandstorm=0.000
		}
		period={
			between={ 0.6 30.6 }
			temperature={ 15.0 30.0 }
			no_phenomenon=0.600
			rain_light=0.200
			rain_heavy=0.150
			snow=0.000
			blizzard=0.000
			mud=0.050
			sandstorm=0.000
		}
		period={
			between={ 0.7 30.7 }
			temperature={ 15.0 30.0 }
			no_phenomenon=0.600
			rain_light=0.200
			rain_heavy=0.150
			snow=0.000
			blizzard=0.000
			mud=0.050
			sandstorm=0.000
		}
		period={
			between={ 0.8 29.8 }
			temperature={ 5.0 18.0 }
			no_phenomenon=0.500
			rain_light=0.250
			rain_heavy=0.100
			snow=0.050
			blizzard=0.000
			mud=0.100
			sandstorm=0.000
		}
		period={
			between={ 0.9 30.9 }
			temperature={ 5.0 18.0 }
			no_phenomenon=0.500
			rain_light=0.250
			rain_heavy=0.100
			snow=0.050
			blizzard=0.000
			mud=0.100
			sandstorm=0.000
		}
		period={
			between={ 0.10 29.10 }
			temperature={ 5.0 18.0 }
			no_phenomenon=0.500
			rain_light=0.250
			rain_heavy=0.100
			snow=0.050
			blizzard=0.000
			mud=0.100
			sandstorm=0.000
		}
		period={
			between={ 0.11 30.11 }
			temperature={ -5.0 10.0 }
			no_phenomenon=0.400
			rain_light=0.200
			rain_heavy=0.100
			snow=0.150
			blizzard=0.050
			mud=0.100
			sandstorm=0.000
		}
	}
}
