strategic_region={
	id=50
	name="STRATEGICREGION_WT_50"
	provinces={
		5567 5570 5572 5574 5579 5581 5589 5592 5593 5597 5601 5608 5625 5626 5628 5631 5632 5633 5635 5636 5638 5641 5642 5646 5647 5680 5682 5683 5687 5697 5698 5708 5712 5713 5714 5721 5725 5727 5730 5733 5737 5739 5742 11990 11991 5743 5745 5759 5763 5770 5771 5774 5776 5777 5780 5783 5786 5790 5792 5793 5798 5803 5805 5808 5809 5813 5817 5820 5822 5823 5824 5826 5829 5836 5842 5857 5861 5862 5865 5867 5870 5871 5874 5878 5879 5883 5884 5886 5890 5893 5895 5899 5900 5901 5912 5915 5916 5919 5920 5922 5926 5927 5929 5930 5932 5934 5935 5936 5937 5938 5940 5948 5950 5952 5953 5956 5957 5960 5961 5962 5965 5966 5967 5971 5972 5980 5981 5982 5983 5987 5988 5992 5993 5995 5997 5998 6002 6012 6014 6019 6020 6023 6025 6026 6029 6034 6035 6040 6046 6050 6054 6055 6056 6057 6073 6084 6090 6092 6093 6096 6098 6102 6103 6107 6112 6114 6116 6117 6130 6133 6136 6138 6140 6146 6147 6149 6151 6154 6156 6165 6168 6169 6171 6176 6177 6179 6180 6182 6187 6190 6195 6196 6204 6205 6206 6212 6214 6215 6217 6221 6222 6234 6237 6238 6239 6240 6241 6242 6251 6254 6258 6261 6263 6268 6269 6272 6275 6280 6285 6287 6288 6289 6290 6292 6294 6301 6304 6305 6306 6310 6313 6322 6328 6331 6338 6343 6344 6353 6357 6358 6366 6368 6370 6371 6379 6383 6384 6385 6386 6388 6389 6392 6394 6395 6403 6404 6406 6409 6411 6413 6414 6416 6417 6424 6425 6427 6430 6431 6437 6438 6443 6446 6455 6456 6460 6462 6463 6464 6466 6475 6478 6479 6484 6487 6491 6492 6494 6496 6499 6500 6503 6513 6515 6517 6519 6525 6541 6545 6557 6558 6566 6569 6571 6572 6576 6581 6582 6583 6585 6586 6590 6591 6594 6596 6604 6615 6617 6618 6620 6621 6634 6640 6643 6646 6647 6649 6652 6654 6655 6658 6659 6663 6665 6666 6667 6668 6669 6671 6673 6675 6685 6686 6693 6695 6697 6700 6705 6707 6708 6712 6713 6717 6719 6722 6723 6730 6733 6734 6735 6736 6739 6741 6743 6746 6750 6764 6765 6766 6767 6770 6774 6777 6781 6783 6785 6788 6789 6790 6791 6795 6796 6804 6809 6819 6824 6828 6833 6834 6836 6837 6838 6839 6841 6843 6845 6849 6851 6852 6857 6859 6861 6863 6873 6874 6881 6882 6889 6891 6899 6901 6905 6906 6908 6914 6916 6920 6928 6929 6931 6932 6934 6935 6938 6946 6947 6949 6950 6951 6953 6954 6956 6958 6960 6963 6964 6965 6967 6968 6969 6979 6982 6983 6984 6988 6989 6998 7004 7006 7008 7009 7010 7012 7013 7014 7019 7020 7035 7036 7037 7046 7047 7048 7051 7053 7056 7057 7066 7067 7069 7071 7075 7077 7080 7083 7084 7085 7087 7097 7098 7099 7101 7106 7110 7112 7121 7125 7128 7137 7147 7148 7149 7153 7157 7158 7161 7164 7166 7167 7168 7171 7174 7178 7182 7185 7186 7188 7190 7194 7198 7204 7210 7213 7223 7225 7230 7231 7235 7237 7238 7240 7241 7244 7248 7252 7255 7258 7259 7268 7269 7275 7276 7277 7282 7283 7288 7298 7308 7317 7318 7323 7325 7330 7341 7344 7353 7356 7358 7361 7364 7367 7371 7373 7374 7384 7388 7393 7398 7399 7400 7401 7412 7415 7419 7422 7424 7425 7426 7429 7432 7438 7441 7442 7446 7448 7451 7458 7459 7460 7463 7470 7472 7473 7480 7481 7488 7490 7492 7499 7505 7511 7514 7515 7517 7521 7522 7524 7532 7540 7549 7554 7561 7562 7568 7574 7580 7588 7589 7590 7592 7593 7595 7596 7600 7601 7602 7606 7607 7609 7610 7614 7617 7624 7625 7626 7629 7633 7634 7636 7639 7645 7646 7651 7654 7655 7656 7659 7660 7661 7667 7670 7675 7677 7680 7686 7687 7689 7696 7697 7702 7704 7709 7712 7719 7724 7725 7727 7732 7734 7735 7739 7742 7749 7751 7756 7757 7758 7762 7765 7769 7773 7775 7776 7782 7785 7791 7792 7794 7796 7799 7800 7809 7814 7816 7817 7819 7820 7821 7822 7830 7831 7832 7834 7836 7838 7839 7841 7842 7845 7850 7851 7853 7865 7867 7869 7878 7882 7883 7887 7888 7889 7891 7892 7894 7907 7911 7914 7920 7921 7924 7930 7935 7936 7950 7951 7953 7961 7964 7965 7971 7972 7973 7974 7975 7979 7982 7992 7999 8000 8001 8008 8013 8019 8021 8022 8023 8032 8035 8037 8039 8040 8042 8043 8046 8049 8054 8055 8070 8074 8085 8086 8088 8090 8093 8095 8096 8097 8106 8110 8111 8113 8117 8119 8120 8121 8126 8128 8130 8138 8140 8142 8143 8147 8148 8153 8157 8165 8167 8174 8175 8176 8180 8181 8182 8185 8190 8194 8203 8205 8208 8210 8211 8212 8214 8218 8220 8221 8224 8228 8231 8235 8239 8241 8244 8247 8249 8251 8252 8262 8264 8267 8268 8277 8279 8284 8290 8292 8295 8304 8306 8307 8311 8318 8321 8322 8325 8326 8335 8339 8344 8345 8346 8349 8354 8355 8356 8359 8364 8366 8373 8375 8379 8380 8381 8389 8392 8393 8394 8396 8399 8405 8414 8415 8422 8441 8444 8446 8447 8450 8453 8457 8460 8462 8463 8470 8471 8475 8480 8485 8486 8492 8493 8495 8497 8498 8500 8502 8506 8510 8511 8512 8524 8527 8539 8541 8545 8552 8555 8566 8570 8573 8579 8582 8583 8585 8586 8590 8595 8597 8599 8601 8603 8609 8613 8615 8621 8624 8627 8628 8629 8632 8633 8634 8637 8639 8643 8647 8649 8651 8652 8654 8655 8658 8661 8664 8667 8674 8677 8681 8683 8688 8693 8695 8699 8700 8702 8705 8708 8720 8722 8730 8733 8735 8736 8737 8740 8749 8755 8758 8765 8767 8773 8779 8781 8788 8793 8795 8802 8804 8805 8808 8811 8813 8814 8815 8819 8821 8823 8833 8837 8844 8846 8850 8851 8858 8859 8865 8866 8867 8872 8879 8880 8882 8883 8884 8888 8889 8892 8893 8899 8900 8907 8912 8922 8929 8931 8936 8938 8941 8943 8946 8948 8949 8950 8955 8956 8960 8961 8962 8965 8969 8972 8973 8981 8982 8984 8986 8993 8995 9004 9007 9008 9010 9011 9017 9022 9024 9025 9026 9027 9028 9029 9048 9049 9050 9055 9057 9059 9060 9068 9069 9073 9075 9078 9082 9087 9090 9091 9095 9096 9099 9100 9104 9106 9108 9113 9114 9120 9123 9125 9126 9130 9136 9142 9144 9148 9149 9150 9156 9157 9158 9160 9161 9163 9168 9175 9180 9182 9185 9187 9188 9196 9197 9198 9203 9204 9205 9206 9209 9217 9219 9222 9225 9226 9228 9235 9245 9247 9254 9256 9257 9261 9263 9265 9267 9270 9271 9278 9279 9280 9285 9287 9291 9294 9295 9296 9297 9298 9303 9308 9310 9314 9318 9322 9326 9330 9333 9336 9337 9339 9349 9357 9367 9372 9382 9386 9388 9396 9397 9398 9399 9404 9405 9406 9408 9413 9415 9416 9418 9420 9422 9423 9424 9426 9431 9433 9434 9443 9444 9445 9447 9451 9455 9456 9458 9459 9467 9471 9474 9478 9479 9484 9491 9494 9499 9509 9514 9523 9528 9529 9531 9532 9537 9540 9542 9545 9547 9552 9556 9559 9563 9568 9575 9576 9580 9586 9593 9600 9604 9607 9609 9610 9616 9618 9623 9624 9636 9639 9640 9642 9643 9646 9650 9651 9652 9654 9655 9659 9661 9675 9686 9690 9692 9695 9696 9698 9699 9700 9703 9705 9710 9711 9715 9716 9718 9726 9728 9733 9734 9736 9737 9738 9739 9741 9743 9748 9750 9751 9752 9753 9755 9756 9757 9759 9761 9763 9764 9765 9767 9770 9771 9772 9786 9787 9789 9790 9791 9792 9793 9795 9796 9806 9809 9817 9818 9820 9824 9825 9826 9827 9828 9830 9834 9837 9841 9845 9849 9851 9852 9853 9859 9861 9862 9863 9864 9866 9872 9874 9879 9881 9883 9889 9890 9895 9897 9905 9906 9914 9915 9919 9921 9923 9925 9935 9941 9942 9943 9944 9946 9948 9955 9963 9964 9969 9970 9974 9975 9979 9985 9990 9991 9992 10004 10007 10009 10010 10013 10015 10017 10019 10022 10023 10026 10027 10028 10029 10031 10043 10046 10047 10048 10049 10050 10052 10053 10054 10055 10059 10063 10064 10066 10067 10068 10069 10073 10076 10078 10080 10081 10084 10088 10093 10096 10099 10102 10103 10104 10107 10108 10109 10116 10117 10118 10121 10129 10130 10132 10133 10139 10140 10143 10150 10165 10166 10167 10169 10176 10178 10179 10181 10182 10184 10185 10186 10189 10192 10193 10200 10202 10204 10206 10208 10210 10211 10212 10214 10217 10219 10231 10235 10237 10238 10239 10241 10246 10247 10250 10253 10255 10256 10258 10263 10264 10266 10267 10268 10269 10273 10286 10289 10293 10296 10302 10307 10309 10313 10314 10316 10317 10327 10329 10333 10338 10339 10341 10343 10352 10356 10359 10363 10375 10377 10378 10388 10389 10390 10394 10395 10400 10402 10404 10408 10413 10422 10423 10426 10428 10431 10445 10446 10450 10454 10461 10462 10464 10465 10471 10474 10475 10476 10477 10489 10496 10503 10504 10509 10518 10519 10521 10524 10526 10529 10531 10540 10552 10557 10558 10560 10562 10563 10564 10566 10580 10582 10584 10588 10589 10590 10591 10595 10597 10598 10600 10602 10606 10608 10609 10611 10615 10616 10618 10622 10623 10630 10635 10638 10643 10644 10645 10649 10650 10651 10652 10656 10657 10664 10665 10666 10670 10672 10676 10677 10681 10683 10687 10688 10692 10696 10699 10700 10703 10706 10711 10719 10721 10723 10726 10728 10730 10734 10736 10737 10739 10743 10748 10752 10759 10761 10762 10766 10768 10769 10770 10774 10775 10776 10777 10784 10787 10791 10792 10793 10797 10808 10811 10812 10816 10818 10825 10827 10832 10833 10843 10849 10852 10853 10854 10859 10860 10861 10872 10874 10878 10881 10895 10898 10899 10903 10904 10905 10908 10910 10912 10921 10922 10925 10927 10931 10940 10941 10945 10946 10950 10955 10958 10959 10960 10962 10963 10964 10965 10975 10977 10988 10990 10997 11000 11001 11002 11006 11007 11009 11012 11013 11015 11016 11017 11019 11022 11024 11029 11032 11034 11039 11052 11069 11071 11079 11080 11081 11083 11087 11090 11091 11098 11100 11101 11106 11118 11119 11126 11129 11132 11135 11137 11139 11140 11141 11142 11146 11147 11149 11168 11173 11181 11182 11187 11189 11197 11198 11200 11201 11205 11209 11212 11221 11224 11232 11234 11241 11244 11245 11246 11247 11252 11254 11259 11263 11265 11271 11274 11275 11278 11281 11290 11291 11292 11299 11302 11304 11307 11308 11314 11315 11317
	}
	weather={
		period={
			between={ 0.0 30.0 }
			temperature={ -15.0 0.0 }
			no_phenomenon=0.300
			rain_light=0.100
			rain_heavy=0.050
			snow=0.300
			blizzard=0.150
			mud=0.050
			sandstorm=0.000
			min_snow_level=0.20
		}
		period={
			between={ 0.1 27.1 }
			temperature={ -15.0 0.0 }
			no_phenomenon=0.300
			rain_light=0.100
			rain_heavy=0.050
			snow=0.300
			blizzard=0.150
			mud=0.050
			sandstorm=0.000
			min_snow_level=0.20
		}
		period={
			between={ 0.2 30.2 }
			temperature={ 0.0 15.0 }
			no_phenomenon=0.400
			rain_light=0.200
			rain_heavy=0.100
			snow=0.100
			blizzard=0.000
			mud=0.150
			sandstorm=0.000
		}
		period={
			between={ 0.3 29.3 }
			temperature={ 0.0 15.0 }
			no_phenomenon=0.400
			rain_light=0.200
			rain_heavy=0.100
			snow=0.100
			blizzard=0.000
			mud=0.150
			sandstorm=0.000
		}
		period={
			between={ 0.4 30.4 }
			temperature={ 0.0 15.0 }
			no_phenomenon=0.400
			rain_light=0.200
			rain_heavy=0.100
			snow=0.100
			blizzard=0.000
			mud=0.150
			sandstorm=0.000
		}
		period={
			between={ 0.5 29.5 }
			temperature={ 10.0 25.0 }
			no_phenomenon=0.500
			rain_light=0.200
			rain_heavy=0.100
			snow=0.000
			blizzard=0.000
			mud=0.100
			sandstorm=0.000
		}
		period={
			between={ 0.6 30.6 }
			temperature={ 10.0 25.0 }
			no_phenomenon=0.500
			rain_light=0.200
			rain_heavy=0.100
			snow=0.000
			blizzard=0.000
			mud=0.100
			sandstorm=0.000
		}
		period={
			between={ 0.7 30.7 }
			temperature={ 10.0 25.0 }
			no_phenomenon=0.500
			rain_light=0.200
			rain_heavy=0.100
			snow=0.000
			blizzard=0.000
			mud=0.100
			sandstorm=0.000
		}
		period={
			between={ 0.8 29.8 }
			temperature={ -5.0 10.0 }
			no_phenomenon=0.350
			rain_light=0.200
			rain_heavy=0.100
			snow=0.200
			blizzard=0.050
			mud=0.100
			sandstorm=0.000
			min_snow_level=0.10
		}
		period={
			between={ 0.9 30.9 }
			temperature={ -5.0 10.0 }
			no_phenomenon=0.350
			rain_light=0.200
			rain_heavy=0.100
			snow=0.200
			blizzard=0.050
			mud=0.100
			sandstorm=0.000
			min_snow_level=0.10
		}
		period={
			between={ 0.10 29.10 }
			temperature={ -5.0 10.0 }
			no_phenomenon=0.350
			rain_light=0.200
			rain_heavy=0.100
			snow=0.200
			blizzard=0.050
			mud=0.100
			sandstorm=0.000
			min_snow_level=0.10
		}
		period={
			between={ 0.11 30.11 }
			temperature={ -15.0 0.0 }
			no_phenomenon=0.300
			rain_light=0.100
			rain_heavy=0.050
			snow=0.300
			blizzard=0.150
			mud=0.050
			sandstorm=0.000
			min_snow_level=0.20
		}
	}
}
