strategic_region={
	id=53
	name="STRATEGICREGION_WT_53"
	provinces={
		5568 5577 5578 5587 5595 5600 5602 5607 5621 5649 5650 5652 5654 5662 5667 5672 5678 5684 5685 5690 5694 5700 5703 5709 5716 5734 5747 5750 5751 5761 5762 5764 5765 5766 5772 5775 5778 5779 5782 5784 5785 5789 5791 5795 5816 5827 5832 5847 5858 5859 5863 5864 5866 5880 5882 5885 5889 5894 5896 5903 5907 5909 5949 5958 5970 5973 5974 5989 5999 6000 6018 6037 6041 6060 6064 6066 6085 6088 6089 6095 6100 6101 6118 6121 6124 6127 6132 6135 6142 6152 6155 6161 6164 6170 6191 6202 6210 6219 6232 6248 6249 6255 6256 6262 6274 6282 6303 6307 6324 6326 6327 6332 6334 6337 6342 6345 6355 6356 6363 6382 6396 6400 6408 6410 6428 6444 6450 6489 6502 6508 6521 6523 6526 6533 6536 6539 6540 6546 6563 6570 6574 6607 6637 6645 6651 6660 6676 6681 6694 6701 6709 6711 6715 6729 6745 6756 6761 6769 6771 6776 6780 6799 6803 6810 6831 6832 6835 6840 6842 6854 6855 6860 6862 6864 6865 6872 6876 6879 6885 6887 6902 6903 6915 6917 6919 6921 6923 6924 6945 6952 6959 6972 6973 6976 6981 6995 6996 6999 7000 7003 7005 7021 7028 7038 7042 7044 7052 7055 7060 7065 7081 7086 7095 7102 7114 7115 7118 7119 7123 7131 7136 7138 7139 7146 7159 7162 7163 7169 7170 7175 7181 7192 7197 7203 7209 7217 7226 7234 7243 7251 7262 7280 7285 7289 7295 7296 7303 7333 7351 7355 7360 7363 7378 7382 7389 7397 7403 7404 7411 7414 7443 7447 7453 7457 7462 7466 7476 7493 7495 7518 7520 7535 7536 7539 7543 7553 7558 7569 7577 7583 7591 7599 7615 7619 7643 7649 7666 7674 7676 7699 7706 7728 7750 7755 7766 7768 7771 7772 7777 7797 7798 7802 7806 7812 7815 7825 7826 7835 7840 7843 7856 7876 7884 7890 7899 7904 7909 7916 7922 7923 7932 7938 7942 7948 7954 7963 7966 7976 7980 7981 7989 7990 7991 7994 7996 7997 7998 8003 8015 8024 8038 8056 8057 8075 8076 8077 8078 8081 8082 8087 8089 8094 8098 8101 8108 8146 8151 8152 8155 8160 8163 8169 8170 8171 8191 8193 8238 8250 8253 8261 8272 8275 8280 8281 8285 8288 8301 8312 8313 8332 8333 8334 8347 8350 8352 8362 8363 8365 8368 8369 8371 8390 8407 8409 8412 8427 8429 8436 8442 8443 8449 8455 8456 8458 8464 8465 8467 8474 8476 8487 8488 8496 8499 8504 8509 8514 8518 8519 8521 8525 8528 8537 8538 8540 8546 8553 8559 8561 8564 8574 8575 8593 8594 8600 8610 8625 8626 8636 8638 8642 8644 8656 8662 8670 8678 8679 8685 8696 8712 8717 8718 8727 8732 8738 8745 8747 8761 8762 8792 8801 8803 8810 8820 8825 8829 8841 8843 8849 8860 8862 8864 8870 8873 8881 8887 8901 8902 8904 8935 8954 8957 8966 8980 8987 8988 8994 9013 9016 9021 9039 9044 9051 9052 9063 9065 9070 9079 9081 9098 9102 9116 9122 9132 9137 9139 9140 9154 9173 9184 9186 9210 9211 9213 9224 9229 9240 9241 9243 9246 9248 9249 9251 9262 9266 9268 9282 9302 9313 9315 9319 9320 9324 9331 9332 9340 9343 9352 9358 9362 9370 9371 9376 9384 9387 9391 9403 9419 9440 9449 9450 9461 9466 9468 9469 9470 9473 9475 9483 9493 9506 9512 9515 9525 9530 9534 9535 9539 9551 9554 9564 9565 9566 9574 9587 9590 9594 9615 9622 9627 9645 9656 9670 9694 9697 9708 9727 9731 9735 9766 9782 9783 9811 9813 9816 9823 9832 9839 9843 9844 9850 9865 9884 9885 9891 9901 9909 9922 9930 9931 9934 9937 9945 9949 9953 9976 9984 9994 9995 9999 10002 10014 10035 10056 10057 10061 10074 10082 10085 10086 10087 10095 10101 10111 10122 10135 10137 10138 10141 10152 10162 10168 10170 10171 10173 10180 10183 10190 10198 10199 10215 10220 10221 10243 10248 10257 10260 10261 10270 10278 10279 10281 10285 10300 10306 10308 10318 10319 10332 10340 10342 10357 10358 10361 10368 10369 10371 10373 10376 10386 10391 10396 10405 10410 10415 10417 10437 10438 10439 10440 10442 10449 10451 10456 10458 10463 10472 10480 10484 10485 10495 10502 10508 10517 10534 10535 10539 10545 10548 10550 10553 10554 10574 10576 10579 10596 10601 10610 10612 10614 10617 10624 10642 10648 10660 10662 10679 10686 10695 10701 10705 10715 10727 10732 10735 10747 10749 10751 10755 10758 10765 10786 10796 10800 10804 10806 10809 10814 10815 10817 10851 10856 10889 10891 10909 10913 10916 10923 10938 10948 10952 10953 10967 10968 10969 10970 10974 10987 10995 11011 11018 11026 11027 11030 11043 11056 11063 11065 11067 11068 11070 11082 11085 11094 11096 11102 11112 11113 11124 11136 11152 11159 11167 11172 11178 11179 11180 11183 11185 11186 11188 11191 11192 11204 11206 11207 11208 11216 11218 11230 11235 11236 11239 11240 11242 11250 11256 11266 11267 11269 11286 11295 11301 11306 11309 11313
	}
	weather={
		period={
			between={ 0.0 30.0 }
			temperature={ -5.0 10.0 }
			no_phenomenon=0.400
			rain_light=0.200
			rain_heavy=0.100
			snow=0.150
			blizzard=0.050
			mud=0.100
			sandstorm=0.000
		}
		period={
			between={ 0.1 27.1 }
			temperature={ -5.0 10.0 }
			no_phenomenon=0.400
			rain_light=0.200
			rain_heavy=0.100
			snow=0.150
			blizzard=0.050
			mud=0.100
			sandstorm=0.000
		}
		period={
			between={ 0.2 30.2 }
			temperature={ 5.0 20.0 }
			no_phenomenon=0.500
			rain_light=0.250
			rain_heavy=0.100
			snow=0.050
			blizzard=0.000
			mud=0.100
			sandstorm=0.000
		}
		period={
			between={ 0.3 29.3 }
			temperature={ 5.0 20.0 }
			no_phenomenon=0.500
			rain_light=0.250
			rain_heavy=0.100
			snow=0.050
			blizzard=0.000
			mud=0.100
			sandstorm=0.000
		}
		period={
			between={ 0.4 30.4 }
			temperature={ 5.0 20.0 }
			no_phenomenon=0.500
			rain_light=0.250
			rain_heavy=0.100
			snow=0.050
			blizzard=0.000
			mud=0.100
			sandstorm=0.000
		}
		period={
			between={ 0.5 29.5 }
			temperature={ 15.0 30.0 }
			no_phenomenon=0.600
			rain_light=0.200
			rain_heavy=0.150
			snow=0.000
			blizzard=0.000
			mud=0.050
			sandstorm=0.000
		}
		period={
			between={ 0.6 30.6 }
			temperature={ 15.0 30.0 }
			no_phenomenon=0.600
			rain_light=0.200
			rain_heavy=0.150
			snow=0.000
			blizzard=0.000
			mud=0.050
			sandstorm=0.000
		}
		period={
			between={ 0.7 30.7 }
			temperature={ 15.0 30.0 }
			no_phenomenon=0.600
			rain_light=0.200
			rain_heavy=0.150
			snow=0.000
			blizzard=0.000
			mud=0.050
			sandstorm=0.000
		}
		period={
			between={ 0.8 29.8 }
			temperature={ 5.0 18.0 }
			no_phenomenon=0.500
			rain_light=0.250
			rain_heavy=0.100
			snow=0.050
			blizzard=0.000
			mud=0.100
			sandstorm=0.000
		}
		period={
			between={ 0.9 30.9 }
			temperature={ 5.0 18.0 }
			no_phenomenon=0.500
			rain_light=0.250
			rain_heavy=0.100
			snow=0.050
			blizzard=0.000
			mud=0.100
			sandstorm=0.000
		}
		period={
			between={ 0.10 29.10 }
			temperature={ 5.0 18.0 }
			no_phenomenon=0.500
			rain_light=0.250
			rain_heavy=0.100
			snow=0.050
			blizzard=0.000
			mud=0.100
			sandstorm=0.000
		}
		period={
			between={ 0.11 30.11 }
			temperature={ -5.0 10.0 }
			no_phenomenon=0.400
			rain_light=0.200
			rain_heavy=0.100
			snow=0.150
			blizzard=0.050
			mud=0.100
			sandstorm=0.000
		}
	}
}
