1 1
1 6
1 11
1 16
1 21
1 26
1 32
1 37
1 42
1 50
1 57
1 66
1 71
1 76
1 81
1 87
1 93
1 99
1 107
1 115
1 120
1 127
1 134
1 140
1 146
1 154
1 170
1 183
1 195
1 202
1 216
1 222
1 237
1 253
1 273
1 295
1 303
1 313
1 349
1 366
1 385
1 404
1 425
1 453
1 483
1 506
1 531
1 634
1 707
1 843
1 1031
1 5037
1 5047
1 5062
1 5378
1 5462
1 5526
1 5570
1 5575
1 5582
1 5587
1 5592
1 5597
1 5603
1 5608
1 5613
1 5618
1 5624
1 5629
1 5634
1 5639
1 5648
1 5653
1 5659
1 5669
1 5678
1 5687
1 5693
1 5698
1 5705
1 5712
1 5888
1 5726
1 5732
1 5739
1 5748
1 5763
1 5772
1 5782
1 5794
1 5804
1 5813
1 5821
1 5836
1 5850
1 5866
1 5884
1 5890
1 5908
1 5926
1 5944
1 5971
1 5986
1 6013
1 6052
1 6082
1 6122
1 6137
1 6163
1 6204
1 6266
1 6357
1 6551
1 6830
1 11319
1 11382
